0000000000000000
1111000000000000
1100110000000000
0011110000000000
1010101000000000
0101101000000000
0110011000000000
1001100100000000
1010010100000000
0101010100000000
1100001100000000
0011001100000000
0000111100000000
1111111100000000
1100000011000000
0011000011000000
0000110011000000
0000001111000000
1010000010100000
0101000010100000
0000101010100000
0000010110100000
0110000001100000
0000011001100000
1001000010010000
0000100110010000
1010000001010000
0101000001010000
0000101001010000
0000010101010000
1100000000110000
0011000000110000
0000110000110000
0000001100110000
0000000011110000
1111000011110000
0000111111110000
1111111111110000
1000100010001000
0100010010001000
0010001010001000
0001000110001000
0100100001001000
0001001001001000
0010100000101000
0001010000101000
0001100000011000
1000010010000100
0010000110000100
1000100001000100
0100010001000100
0010001001000100
0001000101000100
0010010000100100
0010100000010100
0001010000010100
1100000000001100
0011000000001100
0000110000001100
0000001100001100
0000000011001100
1100110011001100
0011001111001100
1111111111001100
0000000000111100
0011110000111100
1111111100111100
1111110011111100
1111001111111100
1100111111111100
0011111111111100
1000001010000010
0100000110000010
0100001001000010
1000100000100010
0100010000100010
0010001000100010
0001000100100010
0100100000010010
0001001000010010
1010000000001010
0101000000001010
0000101000001010
0000010100001010
0000000010101010
1010101010101010
0101010110101010
1111111110101010
0000000001011010
0101101001011010
1111111101011010
1111101011111010
1111010111111010
1010111111111010
0101111111111010
0110000000000110
0000011000000110
0000000001100110
0110011001100110
1111111101100110
1111011011110110
0110111111110110
1110111011101110
1101110111101110
1011101111101110
0111011111101110
1101111011011110
0111101111011110
1011111010111110
0111110110111110
0111111001111110
1000000110000001
1000001001000001
0100000101000001
1000010000100001
0010000100100001
1000100000010001
0100010000010001
0010001000010001
0001000100010001
1001000000001001
0000100100001001
0000000010011001
1001100110011001
1111111110011001
1111100111111001
1001111111111001
1010000000000101
0101000000000101
0000101000000101
0000010100000101
0000000010100101
1010010110100101
1111111110100101
0000000001010101
1010101001010101
0101010101010101
1111111101010101
1111101011110101
1111010111110101
1010111111110101
0101111111110101
1110110111101101
1011011111101101
1110111011011101
1101110111011101
1011101111011101
0111011111011101
1011110110111101
1011111001111101
0111110101111101
1100000000000011
0011000000000011
0000110000000011
0000001100000011
0000000011000011
1100001111000011
1111111111000011
0000000000110011
1100110000110011
0011001100110011
1111111100110011
1111110011110011
1111001111110011
1100111111110011
0011111111110011
1110101111101011
1101011111101011
1101101111011011
1110111010111011
1101110110111011
1011101110111011
0111011110111011
1101111001111011
0111101101111011
1110011111100111
1110101111010111
1101011111010111
1110110110110111
1011011110110111
1110111001110111
1101110101110111
1011101101110111
0111011101110111
0000000000001111
1111000000001111
0000111100001111
1111111100001111
1111110011001111
1111001111001111
1100111111001111
0011111111001111
1111101010101111
1111010110101111
1010111110101111
0101111110101111
1111011001101111
0110111101101111
1111100110011111
1001111110011111
1111101001011111
1111010101011111
1010111101011111
0101111101011111
1111110000111111
1111001100111111
1100111100111111
0011111100111111
0000000011111111
1111000011111111
1100110011111111
0011110011111111
1010101011111111
0101101011111111
0110011011111111
1001100111111111
1010010111111111
0101010111111111
1100001111111111
0011001111111111
0000111111111111
1111111111111111
